      0/54     1.36G   0.08325   0.01465         0   0.09791        12       640  0.006491   0.01361  0.000365 4.886e-05    0.1082   0.01266         0
      1/54     14.3G   0.07602   0.00983         0   0.08585         9       640  0.001997   0.04082 0.0004224  7.14e-05    0.1005    0.0105         0
      2/54     11.6G    0.0727  0.007872         0   0.08057        18       640  0.008539   0.05442  0.001103 0.0001546    0.0974  0.009272         0
      3/54     11.6G    0.0688  0.006789         0   0.07558         7       640   0.04152  0.006803 0.0009493 0.0002332   0.09661  0.008829         0
      4/54     11.6G   0.06827  0.006454         0   0.07472        12       640   0.06053    0.1429   0.01876  0.003429   0.08897  0.008794         0
      5/54     11.6G   0.06517  0.006603         0   0.07178        18       640   0.05182   0.06803   0.01403  0.002278     0.085  0.009271         0
      6/54     11.6G   0.06258  0.006436         0   0.06901        13       640    0.1033    0.2041   0.05821   0.01599   0.08848  0.008664         0
      7/54     11.6G   0.06068    0.0065         0   0.06718        11       640    0.1724    0.1633   0.08309   0.01714   0.08855  0.008466         0
      8/54     11.6G    0.0579  0.007027         0   0.06493         8       640    0.2257    0.3469    0.1929    0.0516   0.06884   0.01021         0
      9/54     11.6G   0.05577  0.007424         0   0.06319        12       640    0.2505    0.2585    0.1739   0.04575   0.07361  0.009435         0
     10/54     11.6G   0.05422  0.006875         0   0.06109        16       640    0.2746    0.3333    0.1981   0.05356   0.07091  0.009462         0
     11/54     11.6G   0.05264   0.00653         0   0.05917         8       640    0.4336    0.4686    0.3835    0.1369   0.06661  0.009402         0
     12/54     11.6G   0.05457  0.005905         0   0.06047         9       640     0.472    0.4218    0.3392    0.1036   0.07225  0.008841         0
     13/54     11.6G   0.05417   0.00552         0   0.05969         9       640    0.5077    0.3998    0.4314    0.1257   0.06746  0.008914         0
     14/54     11.6G   0.05173  0.005818         0   0.05755         5       640    0.4467    0.4354    0.3519    0.1046   0.06827  0.008896         0
     15/54     11.6G   0.05344  0.005542         0   0.05898        18       640    0.4864    0.4354    0.4017    0.1388   0.06189  0.009421         0
     16/54     11.6G   0.05231  0.005598         0   0.05791         8       640    0.2944    0.2313    0.1483   0.03304   0.07173  0.009821         0
     17/54     11.6G   0.05172  0.005358         0   0.05708         7       640    0.6999    0.4759     0.567    0.1969     0.065  0.008391         0
     18/54     11.6G   0.05137  0.004889         0   0.05626         7       640    0.4561    0.6103    0.5182    0.1759   0.06823  0.008456         0
     19/54     11.6G   0.05168  0.005098         0   0.05678        15       640    0.3965    0.4626    0.3864   0.08852   0.07169  0.008278         0
     20/54     11.6G   0.04915  0.005012         0   0.05416         5       640    0.3464    0.6166    0.4066    0.1024   0.06673  0.008344         0
     21/54     11.6G   0.04897  0.004992         0   0.05396         7       640    0.5843    0.4626    0.4555    0.1689   0.06496  0.009014         0
     22/54     11.6G   0.04625  0.004979         0   0.05123         3       640    0.6167    0.6463    0.6543    0.2736   0.06381  0.008328         0
     23/54     11.6G    0.0456    0.0053         0    0.0509        10       640    0.6039    0.4149    0.5179    0.1839   0.06656  0.008479         0
     24/54     11.6G    0.0454  0.004704         0   0.05011        12       640    0.4874    0.5646    0.4867    0.1621   0.06562  0.008458         0
     25/54     11.6G   0.04659  0.004817         0    0.0514         3       640       0.5    0.6258    0.5355    0.1746   0.06404  0.008087         0
     26/54     11.6G   0.04602  0.004596         0   0.05061         8       640    0.7547    0.6939    0.7525    0.3263   0.05616  0.008038         0
     27/54     11.6G   0.04586  0.004468         0   0.05033        10       640    0.6272     0.551    0.5016    0.2061   0.06049  0.009196         0
     28/54     11.6G   0.04258  0.004849         0   0.04743         8       640    0.7463    0.7619    0.7725    0.3599   0.05495  0.007847         0
     29/54     11.6G   0.04142  0.004508         0   0.04593        12       640    0.7807    0.7891    0.7849    0.3447   0.05536  0.007949         0
     30/54     11.6G   0.04091  0.004459         0   0.04536         6       640    0.7585    0.8571    0.8413    0.4015   0.05177  0.007926         0
     31/54     11.6G   0.04162   0.00434         0   0.04596        16       640    0.8261    0.6789    0.7564    0.3642   0.05168  0.008257         0
     32/54     11.6G   0.04051   0.00419         0    0.0447         8       640    0.6635    0.7823    0.7242    0.3463   0.05326  0.008156         0
     33/54     11.6G   0.03957  0.004393         0   0.04396         8       640    0.8253    0.7755    0.8459    0.4003   0.05199  0.007508         0
     34/54     11.6G    0.0385  0.004213         0   0.04271        11       640    0.6486    0.6529    0.5922    0.1966   0.05867  0.008673         0
     35/54     11.6G   0.03824  0.004307         0   0.04254        14       640    0.4245    0.4215    0.3465    0.1215   0.06231  0.009806         0
     36/54     11.6G   0.03791  0.004083         0   0.04199        10       640     0.859    0.8291    0.8858    0.4309   0.05249  0.006666         0
     37/54     11.6G    0.0363  0.004235         0   0.04054         8       640    0.8428    0.8027    0.8727     0.453   0.05261  0.006414         0
     38/54     11.6G   0.03694  0.004079         0   0.04101        13       640    0.8506    0.7749     0.845    0.3782   0.05216  0.006964         0
     39/54     11.6G   0.03586  0.004143         0      0.04        19       640    0.7926     0.884     0.882    0.4004   0.05096  0.006694         0
     40/54     11.6G   0.03467  0.003802         0   0.03847        13       640    0.9391    0.8435    0.9321    0.4635   0.05037  0.006341         0
     41/54     11.6G   0.03454  0.003863         0    0.0384         6       640    0.8101    0.8705    0.8943    0.3947   0.05147  0.006451         0
     42/54     11.6G   0.03413  0.003804         0   0.03793        10       640    0.9234    0.9048    0.9281    0.4736   0.04699  0.006363         0
     43/54     11.6G   0.03378  0.004125         0    0.0379         7       640     0.928    0.8776    0.9064    0.4507   0.04799  0.006305         0
     44/54     11.6G   0.03345  0.003564         0   0.03701         9       640    0.8775    0.8775    0.9149    0.4627   0.04804  0.006492         0
     45/54     11.6G   0.03264  0.003934         0   0.03658        12       640    0.8329    0.9184    0.9091    0.4695   0.04646   0.00649         0
     46/54     11.6G   0.03318  0.003792         0   0.03697         6       640    0.9113    0.9116    0.9238    0.4869   0.04674  0.006346         0
     47/54     11.6G   0.03283  0.003605         0   0.03644        10       640    0.8947    0.9252    0.9304     0.476   0.04648  0.006275         0
     48/54     11.6G   0.03168  0.003437         0   0.03512        15       640    0.9208    0.8707    0.9065    0.4792   0.04644  0.006386         0
     49/54     11.6G   0.03125  0.003862         0   0.03511        14       640    0.8866    0.9044    0.9227    0.5015   0.04547  0.006202         0
     50/54     11.6G   0.03123  0.003556         0   0.03479         5       640    0.9041    0.8979    0.9234    0.5112   0.04455  0.006181         0
     51/54     11.6G   0.03066  0.003493         0   0.03415         3       640    0.8882    0.9183     0.919    0.5128   0.04417  0.006112         0
     52/54     11.6G   0.03041   0.00351         0   0.03392        10       640     0.943    0.9048    0.9243    0.4893   0.04503   0.00608         0
     53/54     11.6G    0.0304  0.003446         0   0.03385         4       640    0.9322    0.8435    0.9148    0.4836   0.04585  0.006232         0
     54/54     11.6G   0.03076  0.003606         0   0.03437         6       640    0.8845    0.8912    0.8942    0.4746   0.04613  0.006363         0
